123456789
132456787
23456765
65434567
23456789
2345678
2345678
843467
1029388
0192457
57309485
0329578
039267098
0293567809
903284572
2093857
0293876
43095848
230948
23098567
2309485
230948
23670
785947
8596003
124567
685932
6984893
503958
290385
230495
123456789
132456787
23456765
65434567
23456789
2345678
2345678
843467
1029388
0192457
57309485
0329578
039267098
0293567809
903284572
2093857
0293876
43095848
230948
23098567
2309485
230948
23670
785947
8596003
124567
685932
6984893
503958
290385
230495
1029388
0192457
57309485
0329578
039267098
0293567809
903284572
2093857
0293876
43095848
230948
23098567
2309485
230948
23670
785947
8596003
124567
685932
6984893
503958
290385
230495
1029388
0192457
57309485
0329578
039267098
0293567809
903284572
2093857
0293876
43095848
230948
23098567
2309485
230948
23670
